7
0	50	120	0	0	0	0
0	0	0	60	0	0	0
100	60	0	50	120	0	0
0	50	40	0	0	0	30
0	0	0	120	0	0	65
100	80	0	0	85	0	70
0	0	0	0	0	0	0

9
0	115	0	0	0	0	535	607	465
115	0	120	0	0	0	440	0	248
0	120	0	74	0	0	414	0	276
0	0	74	0	586	0	0	0	280
0	0	0	586	0	318	0	293	342
0	0	0	0	318	0	302	200	0
535	440	414	0	0	302	0	223	260
607	0	0	0	293	200	223	0	155
465	248	276	280	342	0	260	155	0

12
0	14	12	10	8	6	4	2	0	2	4	6
34	0	30	28	26	24	22	20	18	16	14	12
52	50	0	46	44	42	40	38	36	34	32	30
70	68	66	0	62	60	58	56	54	52	50	48
88	86	84	82	0	78	76	74	72	70	68	66
106	104	102	100	98	0	94	92	90	88	86	84
124	122	120	118	116	114	0	110	108	106	104	102
142	140	138	136	134	132	130	0	126	124	122	120
160	158	156	154	152	150	148	146	0	142	140	138
178	176	174	172	170	168	166	164	162	0	158	156
196	194	192	190	188	186	184	182	180	178	0	174
214	212	210	208	206	204	202	200	198	196	194	0
